1	1	0.55404	0.55515	0.59013
1	2	0.56595	0.53698	0.59079
1	3	0.53954	0.61194	0.56006
1	4	0.46852	0.68352	0.5668
1	5	0.44233	0.68596	0.58558
1	6	0.45992	0.68591	0.57157
1	7	0.49013	0.69312	0.54501
1	8	0.49712	0.67111	0.55932
1	9	0.51234	0.64726	0.56507
1	10	0.55358	0.67076	0.51585
1	11	0.59928	0.68174	0.47392
1	12	0.59011	0.70315	0.46505
1	13	0.57771	0.68932	0.48207
1	14	0.5969	0.6658	0.48462
1	15	0.60547	0.6315	0.50104
1	16	0.6012	0.59995	0.52269
1	17	0.60004	0.53796	0.5643
1	18	0.57319	0.55174	0.56816
1	19	0.49739	0.59318	0.59195
1	20	0.45281	0.62769	0.60468
1	21	0.434	0.65679	0.60011
1	22	0.44659	0.68557	0.56921
1	23	0.5252	0.65918	0.53541
1	24	0.62687	0.61164	0.496
1	25	0.68432	0.5857	0.46957
1	26	0.68448	0.58741	0.46892
1	27	0.67956	0.60044	0.46586
1	28	0.63539	0.62142	0.48569
1	29	0.58805	0.63589	0.51204
1	30	0.56219	0.62168	0.54065
1	31	0.57487	0.59322	0.54974
1	32	0.55623	0.57784	0.57375
2	1	0.50377	0.59625	0.60333
2	2	0.52144	0.58001	0.59944
2	3	0.52282	0.62182	0.56951
2	4	0.4755	0.66986	0.57364
2	5	0.47079	0.66592	0.57902
2	6	0.5007	0.65861	0.55851
2	7	0.52059	0.66892	0.53366
2	8	0.51069	0.6748	0.53833
2	9	0.51688	0.65957	0.5428
2	10	0.53282	0.67705	0.51766
2	11	0.56328	0.68116	0.49253
2	12	0.5679	0.68522	0.48779
2	13	0.57256	0.65904	0.5035
2	14	0.59739	0.63721	0.50279
2	15	0.60935	0.61322	0.51
2	16	0.61963	0.58923	0.5178
2	17	0.61895	0.55023	0.54582
2	18	0.57375	0.58186	0.55415
2	19	0.50801	0.62113	0.572
2	20	0.46267	0.65341	0.58684
2	21	0.42883	0.68345	0.59289
2	22	0.43224	0.71365	0.56649
2	23	0.50852	0.69088	0.52811
2	24	0.59885	0.63847	0.49935
2	25	0.65848	0.61042	0.4715
2	26	0.66834	0.6113	0.46457
2	27	0.6683	0.61967	0.46194
2	28	0.61913	0.63592	0.48919
2	29	0.5685	0.64978	0.51852
2	30	0.53968	0.64069	0.5465
2	31	0.54147	0.62189	0.5576
2	32	0.5115	0.61169	0.58701
3	1	0.4715	0.60788	0.62107
3	2	0.49749	0.58792	0.61468
3	3	0.53056	0.59919	0.58172
3	4	0.50579	0.6374	0.57596
3	5	0.5082	0.63183	0.57627
3	6	0.53947	0.63033	0.55066
3	7	0.54933	0.64446	0.52851
3	8	0.51571	0.67772	0.52933
3	9	0.49905	0.67392	0.54096
3	10	0.48607	0.70085	0.5304
3	11	0.50257	0.68545	0.5275
3	12	0.52157	0.67715	0.52234
3	13	0.53979	0.64233	0.53672
3	14	0.58448	0.61941	0.52284
3	15	0.61217	0.59581	0.51809
3	16	0.6274	0.58408	0.51636
3	17	0.62942	0.5769	0.5233
3	18	0.58691	0.61081	0.52916
3	19	0.54436	0.63913	0.53855
3	20	0.50605	0.66416	0.55323
3	21	0.46975	0.68958	0.56359
3	22	0.458	0.70832	0.55505
3	23	0.51278	0.69916	0.52075
3	24	0.56421	0.66235	0.50832
3	25	0.62582	0.63997	0.47458
3	26	0.64996	0.6431	0.45621
3	27	0.65986	0.64706	0.45037
3	28	0.60725	0.65369	0.48714
3	29	0.5573	0.66202	0.51991
3	30	0.5232	0.65538	0.55051
3	31	0.51364	0.63809	0.56898
3	32	0.47556	0.62388	0.60698
4	1	0.45207	0.62019	0.62424
4	2	0.48128	0.60166	0.61491
4	3	0.5312	0.59242	0.58269
4	4	0.53056	0.61527	0.56764
4	5	0.54908	0.61634	0.55265
4	6	0.59105	0.62532	0.51351
4	7	0.60105	0.63866	0.49125
4	8	0.57018	0.67643	0.48538
4	9	0.5464	0.69284	0.4907
4	10	0.51138	0.71424	0.49968
4	11	0.49673	0.68914	0.52663
4	12	0.50366	0.67356	0.53737
4	13	0.5143	0.63175	0.56336
4	14	0.5615	0.59905	0.55291
4	15	0.58602	0.58262	0.54404
4	16	0.59199	0.59524	0.53165
4	17	0.59691	0.6042	0.52557
4	18	0.57121	0.63097	0.52695
4	19	0.55397	0.66147	0.51819
4	20	0.54648	0.66904	0.52293
4	21	0.5276	0.67362	0.53558
4	22	0.51598	0.68271	0.5336
4	23	0.56143	0.68658	0.49406
4	24	0.58517	0.66032	0.49251
4	25	0.6227	0.66497	0.45804
4	26	0.65587	0.67536	0.4289
4	27	0.67706	0.66934	0.42239
4	28	0.6279	0.66415	0.46442
4	29	0.57941	0.66775	0.49951
4	30	0.53789	0.66478	0.53343
4	31	0.51331	0.64801	0.56187
4	32	0.46212	0.63392	0.6081
5	1	0.50199	0.60975	0.58715
5	2	0.52809	0.58558	0.58397
5	3	0.56438	0.56877	0.5671
5	4	0.56031	0.58457	0.55921
5	5	0.58934	0.58604	0.53816
5	6	0.62312	0.59514	0.50828
5	7	0.63527	0.61223	0.48389
5	8	0.6146	0.64387	0.47493
5	9	0.59572	0.66329	0.47668
5	10	0.55315	0.68369	0.49222
5	11	0.52958	0.65957	0.52271
5	12	0.52082	0.64153	0.54571
5	13	0.51766	0.61618	0.56928
5	14	0.55003	0.58621	0.56654
5	15	0.56365	0.57601	0.56009
5	16	0.55867	0.6053	0.54514
5	17	0.56345	0.63027	0.52987
5	18	0.54884	0.64827	0.53311
5	19	0.55957	0.67357	0.50847
5	20	0.56668	0.66588	0.51318
5	21	0.55662	0.65081	0.53267
5	22	0.54526	0.64549	0.53927
5	23	0.57869	0.64723	0.50742
5	24	0.57456	0.62	0.52595
5	25	0.59966	0.64736	0.48464
5	26	0.64135	0.67859	0.43426
5	27	0.68498	0.6709	0.41232
5	28	0.65531	0.65647	0.44577
5	29	0.62276	0.66216	0.46751
5	30	0.58542	0.65692	0.50008
5	31	0.55962	0.63332	0.53311
5	32	0.50319	0.61782	0.58277
6	1	0.54978	0.61048	0.5498
6	2	0.55281	0.58589	0.56482
6	3	0.55092	0.56505	0.57893
6	4	0.54336	0.57351	0.57775
6	5	0.57942	0.57609	0.55062
6	6	0.61639	0.59153	0.51458
6	7	0.62552	0.61786	0.48707
6	8	0.62313	0.6377	0.47304
6	9	0.61013	0.65662	0.47147
6	10	0.56365	0.67618	0.4911
6	11	0.5322	0.649	0.52842
6	12	0.52203	0.62417	0.55641
6	13	0.50723	0.6144	0.57692
6	14	0.53384	0.58997	0.57315
6	15	0.54716	0.58292	0.56413
6	16	0.53377	0.61912	0.55163
6	17	0.54319	0.64829	0.52987
6	18	0.53633	0.6618	0.53246
6	19	0.56004	0.6706	0.51224
6	20	0.5617	0.65735	0.52455
6	21	0.56438	0.62358	0.54691
6	22	0.55145	0.60127	0.56723
6	23	0.58198	0.60201	0.538
6	24	0.55582	0.59727	0.5557
6	25	0.57571	0.63	0.51515
6	26	0.61518	0.6797	0.45217
6	27	0.66237	0.68234	0.41798
6	28	0.64529	0.65933	0.44579
6	29	0.63776	0.66576	0.44796
6	30	0.62481	0.66219	0.462
6	31	0.60368	0.63088	0.49739
6	32	0.55393	0.61286	0.54495
7	1	0.59181	0.62394	0.50605
7	2	0.58475	0.60085	0.52782
7	3	0.57089	0.58591	0.54711
7	4	0.56259	0.59392	0.54644
7	5	0.59963	0.59577	0.52036
7	6	0.62237	0.61683	0.49311
7	7	0.62539	0.64445	0.472
7	8	0.62162	0.64461	0.47427
7	9	0.59706	0.65912	0.48592
7	10	0.53819	0.68168	0.51367
7	11	0.5147	0.65866	0.54133
7	12	0.50625	0.64724	0.55799
7	13	0.49952	0.65212	0.56047
7	14	0.52541	0.64937	0.53979
7	15	0.53871	0.64517	0.52738
7	16	0.51754	0.67108	0.52635
7	17	0.52767	0.68844	0.50967
7	18	0.5227	0.68848	0.51869
7	19	0.54271	0.67724	0.51629
7	20	0.5489	0.6485	0.53625
7	21	0.57081	0.59505	0.55724
7	22	0.55876	0.56241	0.58429
7	23	0.57458	0.56926	0.56303
7	24	0.54356	0.57893	0.57492
7	25	0.55803	0.61245	0.53938
7	26	0.58492	0.67951	0.47412
7	27	0.63285	0.69061	0.4322
7	28	0.63145	0.67224	0.44401
7	29	0.64636	0.67678	0.43033
7	30	0.64692	0.68215	0.42781
7	31	0.63527	0.64247	0.46205
7	32	0.5943	0.62476	0.50275
8	1	0.63849	0.63872	0.46157
8	2	0.63162	0.61575	0.48248
8	3	0.61308	0.59698	0.50838
8	4	0.59871	0.6005	0.51505
8	5	0.63201	0.61404	0.4849
8	6	0.63316	0.63737	0.47348
8	7	0.6251	0.66567	0.46138
8	8	0.62104	0.65742	0.46983
8	9	0.58648	0.67763	0.48473
8	10	0.52444	0.68831	0.52169
8	11	0.52518	0.66591	0.5313
8	12	0.52346	0.65661	0.5405
8	13	0.51872	0.66721	0.53558
8	14	0.54182	0.67061	0.51194
8	15	0.56004	0.66856	0.49543
8	16	0.52396	0.69966	0.50074
8	17	0.52465	0.71386	0.49124
8	18	0.5118	0.70591	0.51144
8	19	0.51536	0.68631	0.52733
8	20	0.51991	0.65921	0.54563
8	21	0.55677	0.58838	0.56699
8	22	0.55129	0.55906	0.58834
8	23	0.55388	0.57128	0.57459
8	24	0.5307	0.58295	0.57989
8	25	0.52762	0.59457	0.57409
8	26	0.53312	0.65741	0.52816
8	27	0.57487	0.66814	0.49019
8	28	0.60091	0.64785	0.48213
8	29	0.63094	0.65414	0.4573
8	30	0.65109	0.67573	0.42896
8	31	0.66108	0.64306	0.44217
8	32	0.63852	0.62867	0.46693
9	1	0.63013	0.65918	0.45703
9	2	0.63076	0.64674	0.465
9	3	0.61649	0.62671	0.48772
9	4	0.596	0.6287	0.50039
9	5	0.62703	0.63204	0.47847
9	6	0.61786	0.6407	0.48419
9	7	0.5951	0.6622	0.48657
9	8	0.58615	0.65634	0.49656
9	9	0.55629	0.66848	0.51147
9	10	0.5025	0.68657	0.53745
9	11	0.52435	0.68154	0.5206
9	12	0.53472	0.67587	0.51789
9	13	0.55483	0.69021	0.49249
9	14	0.58116	0.69708	0.46499
9	15	0.60395	0.69036	0.45082
9	16	0.56009	0.70907	0.47198
9	17	0.55898	0.71624	0.46912
9	18	0.5326	0.69294	0.50875
9	19	0.5157	0.66464	0.54349
9	20	0.50055	0.65085	0.56433
9	21	0.53703	0.58711	0.57912
9	22	0.5247	0.56173	0.60373
9	23	0.51759	0.57802	0.59527
9	24	0.50602	0.58791	0.59432
9	25	0.50325	0.57588	0.60486
9	26	0.4966	0.62107	0.57926
9	27	0.5386	0.6279	0.54262
9	28	0.57349	0.61327	0.5247
9	29	0.60032	0.62132	0.502
9	30	0.62493	0.65692	0.46214
9	31	0.64718	0.64477	0.45435
9	32	0.62998	0.64519	0.46588
10	1	0.62278	0.68507	0.44954
10	2	0.60422	0.68533	0.46327
10	3	0.57984	0.65997	0.49716
10	4	0.55375	0.65593	0.51811
10	5	0.57865	0.64964	0.5059
10	6	0.57404	0.63064	0.52352
10	7	0.56262	0.63436	0.52626
10	8	0.55195	0.62722	0.53724
10	9	0.52323	0.64818	0.54408
10	10	0.47412	0.682	0.55729
10	11	0.49943	0.70229	0.52283
10	12	0.5223	0.71124	0.50147
10	13	0.56668	0.719	0.46301
10	14	0.59934	0.71007	0.44221
10	15	0.63114	0.69808	0.42622
10	16	0.59246	0.70527	0.45267
10	17	0.5873	0.69941	0.46237
10	18	0.54836	0.66477	0.51801
10	19	0.52437	0.63903	0.55546
10	20	0.50733	0.63356	0.56983
10	21	0.54002	0.58368	0.57657
10	22	0.53067	0.56861	0.59276
10	23	0.53127	0.60366	0.56784
10	24	0.53265	0.62133	0.55224
10	25	0.52494	0.60389	0.57069
10	26	0.51084	0.63731	0.5585
10	27	0.54125	0.63976	0.53291
10	28	0.57054	0.61238	0.52679
10	29	0.58438	0.61057	0.5218
10	30	0.61091	0.65594	0.47443
10	31	0.64638	0.65551	0.45051
10	32	0.63534	0.6597	0.45578
11	1	0.60736	0.67286	0.46836
11	2	0.60717	0.67496	0.4672
11	3	0.59821	0.64475	0.49372
11	4	0.57394	0.64355	0.51232
11	5	0.60006	0.64003	0.49708
11	6	0.5964	0.60238	0.52578
11	7	0.57958	0.59189	0.54252
11	8	0.55094	0.58962	0.56297
11	9	0.51786	0.6032	0.57746
11	10	0.4698	0.64475	0.58597
11	11	0.48608	0.69073	0.54144
11	12	0.50116	0.7142	0.51436
11	13	0.55103	0.72535	0.46954
11	14	0.5876	0.72369	0.43964
11	15	0.62684	0.70873	0.41969
11	16	0.59935	0.7037	0.44656
11	17	0.59299	0.68828	0.46441
11	18	0.55241	0.64261	0.52784
11	19	0.52608	0.622	0.56493
11	20	0.51476	0.62717	0.56691
11	21	0.53946	0.59891	0.56461
11	22	0.53799	0.59313	0.5686
11	23	0.54272	0.62201	0.5449
11	24	0.54986	0.62986	0.5317
11	25	0.54324	0.6034	0.55546
11	26	0.52946	0.61718	0.55587
11	27	0.55667	0.61298	0.53799
11	28	0.59101	0.58827	0.52743
11	29	0.58877	0.58609	0.53475
11	30	0.60076	0.63594	0.4952
11	31	0.63928	0.64466	0.46332
11	32	0.6226	0.64709	0.47347
12	1	0.60623	0.65785	0.48125
12	2	0.61053	0.66048	0.47668
12	3	0.59899	0.6357	0.50145
12	4	0.57198	0.63548	0.52086
12	5	0.59352	0.63925	0.50286
12	6	0.60788	0.58314	0.52859
12	7	0.60488	0.56059	0.54184
12	8	0.59857	0.55798	0.54492
12	9	0.57354	0.56232	0.55929
12	10	0.53134	0.59994	0.56777
12	11	0.53148	0.66668	0.52441
12	12	0.54969	0.70193	0.48772
12	13	0.57675	0.72469	0.45283
12	14	0.60689	0.72267	0.42981
12	15	0.63891	0.70408	0.41803
12	16	0.60821	0.69226	0.45143
12	17	0.58099	0.67079	0.48887
12	18	0.54937	0.61068	0.5545
12	19	0.52401	0.6036	0.58053
12	20	0.5137	0.62267	0.5705
12	21	0.53538	0.60478	0.56238
12	22	0.53995	0.60162	0.56044
12	23	0.55304	0.62211	0.53691
12	24	0.56204	0.6218	0.52815
12	25	0.5616	0.59163	0.55059
12	26	0.5499	0.59289	0.55843
12	27	0.57471	0.58813	0.54274
12	28	0.60247	0.5684	0.534
12	29	0.59426	0.57088	0.54262
12	30	0.59776	0.61683	0.51169
12	31	0.63379	0.63509	0.47553
12	32	0.6202	0.63454	0.48588
13	1	0.57859	0.65174	0.50633
13	2	0.57575	0.65502	0.50757
13	3	0.56001	0.64216	0.52748
13	4	0.52789	0.648	0.54674
13	5	0.54791	0.64898	0.53118
13	6	0.59724	0.57958	0.53746
13	7	0.62382	0.54668	0.53355
13	8	0.64659	0.51872	0.53074
13	9	0.63525	0.50164	0.54917
13	10	0.59475	0.54365	0.55254
13	11	0.56201	0.63807	0.51674
13	12	0.56705	0.69287	0.47778
13	13	0.57023	0.73737	0.44891
13	14	0.58023	0.73998	0.43894
13	15	0.59938	0.7249	0.43758
13	16	0.56694	0.70791	0.47554
13	17	0.53545	0.67325	0.52457
13	18	0.52262	0.60188	0.58144
13	19	0.51715	0.59466	0.59235
13	20	0.51017	0.59386	0.59275
13	21	0.53465	0.58642	0.57512
13	22	0.54582	0.58645	0.56649
13	23	0.56898	0.6068	0.53574
13	24	0.58513	0.60741	0.52111
13	25	0.59562	0.5966	0.52186
13	26	0.59555	0.59351	0.5239
13	27	0.61721	0.59322	0.5065
13	28	0.62387	0.589	0.50363
13	29	0.59783	0.59335	0.52343
13	30	0.58357	0.62559	0.51523
13	31	0.60914	0.64046	0.48982
13	32	0.59605	0.63781	0.50212
14	1	0.5843	0.63133	0.51444
14	2	0.57346	0.63288	0.52395
14	3	0.55389	0.62968	0.54151
14	4	0.51966	0.64938	0.55341
14	5	0.53044	0.66326	0.53586
14	6	0.58331	0.61263	0.52618
14	7	0.62746	0.58607	0.50442
14	8	0.66287	0.54083	0.50383
14	9	0.65992	0.50505	0.52944
14	10	0.6205	0.54359	0.53343
14	11	0.56863	0.64412	0.50696
14	12	0.55608	0.70516	0.47554
14	13	0.51987	0.75456	0.47211
14	14	0.51043	0.75532	0.47802
14	15	0.5189	0.73254	0.49125
14	16	0.49534	0.70662	0.52872
14	17	0.46919	0.66799	0.57667
14	18	0.49161	0.5994	0.60463
14	19	0.5235	0.58578	0.59181
14	20	0.53507	0.58078	0.5814
14	21	0.56174	0.58377	0.55541
14	22	0.58418	0.58735	0.53639
14	23	0.60312	0.61461	0.5055
14	24	0.61481	0.61617	0.49422
14	25	0.62749	0.619	0.48405
14	26	0.63143	0.62411	0.47859
14	27	0.63601	0.6346	0.46726
14	28	0.62805	0.63471	0.472
14	29	0.5887	0.64518	0.49615
14	30	0.57337	0.65803	0.50026
14	31	0.59748	0.6476	0.49164
14	32	0.59705	0.62533	0.50759
15	1	0.57939	0.59888	0.53672
15	2	0.59181	0.60684	0.52545
15	3	0.58229	0.61902	0.52577
15	4	0.55253	0.65968	0.52027
15	5	0.55357	0.69596	0.4959
15	6	0.60091	0.67353	0.47384
15	7	0.63138	0.66251	0.45476
15	8	0.67464	0.61596	0.45103
15	9	0.6898	0.55656	0.48151
15	10	0.65393	0.57434	0.4951
15	11	0.59	0.66251	0.48534
15	12	0.54083	0.70063	0.49461
15	13	0.47403	0.74869	0.5143
15	14	0.45139	0.76207	0.52109
15	15	0.45837	0.74199	0.53404
15	16	0.44914	0.70522	0.56714
15	17	0.44342	0.67788	0.59159
15	18	0.48163	0.61926	0.59963
15	19	0.52447	0.59473	0.58417
15	20	0.53835	0.58174	0.57773
15	21	0.56145	0.59903	0.54454
15	22	0.58688	0.59826	0.5252
15	23	0.60227	0.61239	0.50561
15	24	0.60912	0.61203	0.50018
15	25	0.62015	0.61482	0.491
15	26	0.62388	0.61929	0.48652
15	27	0.61658	0.63384	0.48151
15	28	0.59418	0.65059	0.48681
15	29	0.54941	0.66253	0.51292
15	30	0.53548	0.66329	0.52386
15	31	0.55717	0.63932	0.52475
15	32	0.57425	0.60558	0.53513
16	1	0.60143	0.58723	0.52806
16	2	0.59611	0.60731	0.5224
16	3	0.5824	0.6325	0.51693
16	4	0.54979	0.68966	0.5019
16	5	0.53268	0.73589	0.48489
16	6	0.57041	0.73354	0.45792
16	7	0.61359	0.73385	0.42212
16	8	0.67518	0.69091	0.40389
16	9	0.71214	0.6215	0.42612
16	10	0.721	0.5828	0.44164
16	11	0.68162	0.62808	0.44193
16	12	0.62509	0.64531	0.47158
16	13	0.53179	0.69325	0.51169
16	14	0.47921	0.71743	0.53576
16	15	0.45321	0.72589	0.5555
16	16	0.44286	0.69639	0.58395
16	17	0.44238	0.67859	0.59765
16	18	0.49416	0.62141	0.59342
16	19	0.54669	0.58668	0.57446
16	20	0.57305	0.5571	0.56969
16	21	0.59034	0.57822	0.53729
16	22	0.61021	0.57885	0.52003
16	23	0.61464	0.60559	0.50156
16	24	0.61023	0.61901	0.49586
16	25	0.60687	0.64197	0.48331
16	26	0.60636	0.65854	0.4748
16	27	0.59365	0.67199	0.47416
16	28	0.57174	0.6869	0.48048
16	29	0.5476	0.6915	0.49606
16	30	0.54227	0.67516	0.51247
16	31	0.5677	0.63014	0.52384
16	32	0.59787	0.59638	0.52462
17	1	0.60764	0.57797	0.5267
17	2	0.59133	0.61002	0.52197
17	3	0.57373	0.63942	0.51594
17	4	0.54595	0.70469	0.49211
17	5	0.52261	0.75427	0.47842
17	6	0.55134	0.76423	0.45258
17	7	0.60283	0.74965	0.42032
17	8	0.66354	0.70107	0.40653
17	9	0.69718	0.63648	0.42754
17	10	0.71042	0.58402	0.44838
17	11	0.6826	0.58726	0.46489
17	12	0.62838	0.5995	0.4952
17	13	0.54315	0.64465	0.53108
17	14	0.48389	0.67607	0.5558
17	15	0.4506	0.70302	0.56848
17	16	0.4565	0.6822	0.58055
17	17	0.47323	0.66781	0.58066
17	18	0.52297	0.61766	0.57421
17	19	0.57111	0.57504	0.56393
17	20	0.5994	0.53854	0.56508
17	21	0.6045	0.58982	0.52471
17	22	0.62023	0.60546	0.49927
17	23	0.6205	0.64246	0.47713
17	24	0.62749	0.67275	0.45263
17	25	0.61443	0.69475	0.44501
17	26	0.61155	0.70223	0.44164
17	27	0.59921	0.70117	0.4499
17	28	0.57896	0.70723	0.45987
17	29	0.54825	0.70111	0.48548
17	30	0.55201	0.68095	0.49894
17	31	0.57111	0.61724	0.52767
17	32	0.60595	0.58589	0.52352
18	1	0.62415	0.5686	0.51916
18	2	0.60601	0.60672	0.51042
18	3	0.5818	0.63611	0.50823
18	4	0.55515	0.70663	0.47905
18	5	0.52413	0.7639	0.46595
18	6	0.53664	0.77561	0.45275
18	7	0.57521	0.75551	0.43668
18	8	0.63521	0.70217	0.42866
18	9	0.67825	0.66074	0.42888
18	10	0.69398	0.61264	0.44758
18	11	0.68678	0.59888	0.45974
18	12	0.65869	0.5904	0.48352
18	13	0.59248	0.62367	0.51126
18	14	0.52828	0.63723	0.55047
18	15	0.48853	0.65696	0.56805
18	16	0.48721	0.63496	0.58702
18	17	0.50482	0.62533	0.58423
18	18	0.54427	0.5867	0.57682
18	19	0.57698	0.54601	0.57513
18	20	0.59924	0.52687	0.57158
18	21	0.59691	0.59243	0.52805
18	22	0.6006	0.62247	0.50091
18	23	0.61098	0.65445	0.47702
18	24	0.62436	0.68506	0.44888
18	25	0.61142	0.69119	0.45111
18	26	0.60879	0.6843	0.45628
18	27	0.59596	0.67304	0.47328
18	28	0.57937	0.67899	0.48035
18	29	0.55428	0.66779	0.50486
18	30	0.56478	0.66025	0.50515
18	31	0.58157	0.61118	0.52576
18	32	0.61968	0.58623	0.5135
19	1	0.61777	0.57799	0.51722
19	2	0.60339	0.6134	0.50565
19	3	0.57958	0.63423	0.50753
19	4	0.56162	0.68891	0.48158
19	5	0.53832	0.73892	0.46751
19	6	0.55268	0.73619	0.46374
19	7	0.5826	0.70912	0.4611
19	8	0.64067	0.66273	0.45054
19	9	0.67811	0.64453	0.43975
19	10	0.69501	0.60432	0.45381
19	11	0.70396	0.57998	0.46133
19	12	0.69595	0.56513	0.47567
19	13	0.66296	0.58419	0.48845
19	14	0.61541	0.58581	0.5233
19	15	0.56417	0.60934	0.54477
19	16	0.53306	0.61388	0.56931
19	17	0.55036	0.61197	0.56101
19	18	0.55996	0.58694	0.56637
19	19	0.56823	0.55006	0.57986
19	20	0.57911	0.53063	0.5858
19	21	0.57614	0.58358	0.55098
19	22	0.56141	0.60918	0.54004
19	23	0.58594	0.62239	0.51742
19	24	0.60939	0.6413	0.48909
19	25	0.59611	0.65209	0.48917
19	26	0.60196	0.64186	0.489
19	27	0.59897	0.63292	0.49766
19	28	0.58313	0.64643	0.49994
19	29	0.56143	0.64056	0.51849
19	30	0.57524	0.64372	0.5091
19	31	0.58803	0.61772	0.51842
19	32	0.61445	0.60322	0.5069
20	1	0.63338	0.57848	0.50289
20	2	0.60817	0.60947	0.50162
20	3	0.58223	0.63008	0.50523
20	4	0.58152	0.65038	0.48988
20	5	0.5655	0.66341	0.49594
20	6	0.56689	0.66736	0.49485
20	7	0.5815	0.64003	0.50214
20	8	0.61477	0.60723	0.49977
20	9	0.63921	0.61992	0.47861
20	10	0.67198	0.58247	0.48004
20	11	0.70508	0.54521	0.47851
20	12	0.73303	0.53645	0.46314
20	13	0.73652	0.55216	0.45213
20	14	0.7125	0.54407	0.4761
20	15	0.6474	0.58526	0.49582
20	16	0.58231	0.63363	0.5176
20	17	0.57207	0.63595	0.52876
20	18	0.56344	0.61593	0.54389
20	19	0.56155	0.59258	0.55577
20	20	0.57771	0.57085	0.56024
20	21	0.57643	0.59491	0.54516
20	22	0.55122	0.62215	0.54143
20	23	0.56509	0.62377	0.53409
20	24	0.59235	0.63169	0.50965
20	25	0.5876	0.65072	0.49801
20	26	0.60524	0.64559	0.4849
20	27	0.61414	0.63169	0.48807
20	28	0.61365	0.64647	0.47811
20	29	0.60284	0.64063	0.48845
20	30	0.62135	0.63521	0.48092
20	31	0.62519	0.60796	0.49698
20	32	0.63825	0.60559	0.48523
21	1	0.63652	0.58471	0.49577
21	2	0.61468	0.60394	0.49822
21	3	0.59174	0.6328	0.49557
21	4	0.60598	0.61435	0.49522
21	5	0.60353	0.60456	0.5048
21	6	0.59704	0.61855	0.50313
21	7	0.59244	0.59197	0.52519
21	8	0.6011	0.55823	0.54072
21	9	0.59868	0.60764	0.51519
21	10	0.60679	0.59855	0.51725
21	11	0.64425	0.55837	0.51338
21	12	0.68864	0.5641	0.47569
21	13	0.7146	0.59207	0.43967
21	14	0.71647	0.57473	0.44987
21	15	0.67424	0.59959	0.46213
21	16	0.60613	0.65981	0.47979
21	17	0.58784	0.66064	0.49926
21	18	0.55994	0.64482	0.52675
21	19	0.5397	0.63306	0.5451
21	20	0.56108	0.60566	0.54966
21	21	0.56492	0.60496	0.5467
21	22	0.53097	0.62267	0.55625
21	23	0.53877	0.6116	0.5613
21	24	0.57086	0.60922	0.54038
21	25	0.57234	0.6276	0.52555
21	26	0.59689	0.62849	0.5036
21	27	0.61362	0.61715	0.49901
21	28	0.62162	0.63674	0.47934
21	29	0.61569	0.63842	0.48098
21	30	0.63807	0.63151	0.47048
21	31	0.63428	0.61541	0.48456
21	32	0.63898	0.61897	0.47488
22	1	0.61456	0.59605	0.50553
22	2	0.59076	0.60113	0.51812
22	3	0.56458	0.63105	0.51902
22	4	0.57501	0.60061	0.5295
22	5	0.57415	0.59165	0.53504
22	6	0.57178	0.60969	0.52672
22	7	0.55931	0.5968	0.54655
22	8	0.56834	0.55566	0.56695
22	9	0.57139	0.62922	0.52258
22	10	0.58101	0.62862	0.51946
22	11	0.62855	0.59025	0.50775
22	12	0.68626	0.60399	0.45502
22	13	0.72793	0.64497	0.39936
22	14	0.73582	0.60921	0.41692
22	15	0.701	0.62042	0.43277
22	16	0.62309	0.67092	0.46299
22	17	0.61551	0.6408	0.49234
22	18	0.57784	0.61805	0.53005
22	19	0.54399	0.61373	0.55315
22	20	0.56028	0.58331	0.56197
22	21	0.57253	0.56548	0.56325
22	22	0.52837	0.59321	0.57531
22	23	0.53272	0.58009	0.58458
22	24	0.56028	0.56885	0.57299
22	25	0.55564	0.59139	0.56152
22	26	0.57342	0.6016	0.53977
22	27	0.58918	0.60214	0.52801
22	28	0.60471	0.62674	0.50017
22	29	0.61076	0.64056	0.48597
22	30	0.63377	0.63835	0.46967
22	31	0.63114	0.63808	0.47179
22	32	0.62436	0.63446	0.47612
23	1	0.62822	0.57857	0.50622
23	2	0.61747	0.57187	0.51778
23	3	0.60517	0.60843	0.50556
23	4	0.61086	0.58176	0.51795
23	5	0.60418	0.58319	0.52135
23	6	0.58557	0.62017	0.51193
23	7	0.56973	0.61395	0.52956
23	8	0.54795	0.5728	0.57115
23	9	0.52628	0.65036	0.54059
23	10	0.54017	0.64672	0.53631
23	11	0.58912	0.60104	0.52849
23	12	0.64409	0.62333	0.47193
23	13	0.70181	0.65869	0.40802
23	14	0.72834	0.62866	0.40946
23	15	0.68674	0.65666	0.4205
23	16	0.61871	0.7071	0.4425
23	17	0.62232	0.66287	0.47216
23	18	0.5911	0.63699	0.50956
23	19	0.54619	0.63454	0.54109
23	20	0.54899	0.59822	0.56405
23	21	0.56852	0.56717	0.56968
23	22	0.51471	0.59372	0.59082
23	23	0.4981	0.58162	0.61224
23	24	0.5238	0.5636	0.60536
23	25	0.53106	0.58469	0.58556
23	26	0.53922	0.60386	0.56468
23	27	0.56426	0.61043	0.54006
23	28	0.59423	0.62943	0.50536
23	29	0.60836	0.65341	0.4778
23	30	0.63086	0.65374	0.4587
23	31	0.63408	0.64522	0.46167
23	32	0.62927	0.62156	0.47974
24	1	0.62893	0.58957	0.50064
24	2	0.62112	0.57389	0.51689
24	3	0.62199	0.61817	0.49177
24	4	0.6235	0.59113	0.50903
24	5	0.60737	0.60193	0.51319
24	6	0.57701	0.64728	0.5044
24	7	0.55463	0.64633	0.52141
24	8	0.48897	0.60919	0.58952
24	9	0.44535	0.68735	0.57174
24	10	0.45618	0.67691	0.57513
24	11	0.50205	0.63153	0.57201
24	12	0.54812	0.64909	0.52533
24	13	0.61693	0.68461	0.45321
24	14	0.66249	0.66526	0.43459
24	15	0.64231	0.70357	0.42192
24	16	0.60558	0.74483	0.4229
24	17	0.61077	0.70742	0.44538
24	18	0.59501	0.68494	0.47053
24	19	0.54993	0.68335	0.50216
24	20	0.5385	0.65421	0.5313
24	21	0.55735	0.6237	0.53922
24	22	0.50553	0.64515	0.56412
24	23	0.47124	0.62819	0.60114
24	24	0.48516	0.60931	0.60352
24	25	0.51394	0.61443	0.57705
24	26	0.51572	0.63049	0.56239
24	27	0.54866	0.62745	0.5362
24	28	0.58349	0.63264	0.50614
24	29	0.61237	0.65124	0.4717
24	30	0.63001	0.65459	0.45558
24	31	0.63538	0.64563	0.45758
24	32	0.6307	0.6226	0.47829
25	1	0.60117	0.62455	0.5054
25	2	0.59584	0.59644	0.5274
25	3	0.60635	0.61658	0.50993
25	4	0.6068	0.59586	0.52372
25	5	0.58788	0.631	0.51208
25	6	0.56179	0.66673	0.50679
25	7	0.55458	0.68054	0.50459
25	8	0.48274	0.64715	0.57554
25	9	0.4381	0.7183	0.55901
25	10	0.44644	0.71907	0.55667
25	11	0.4756	0.69411	0.55306
25	12	0.4933	0.70009	0.53394
25	13	0.55269	0.72959	0.46937
25	14	0.6315	0.69543	0.43703
25	15	0.64379	0.70453	0.41885
25	16	0.61809	0.71615	0.42855
25	17	0.6234	0.68037	0.44827
25	18	0.60819	0.66567	0.47118
25	19	0.55152	0.66966	0.50913
25	20	0.52321	0.64754	0.54414
25	21	0.546	0.63455	0.53731
25	22	0.50175	0.65012	0.56185
25	23	0.4664	0.6306	0.60028
25	24	0.47443	0.61084	0.60755
25	25	0.50848	0.60441	0.58667
25	26	0.49989	0.61362	0.58456
25	27	0.53373	0.61379	0.55416
25	28	0.56663	0.61632	0.5275
25	29	0.59466	0.64585	0.48778
25	30	0.60983	0.67427	0.45796
25	31	0.61635	0.67344	0.4553
25	32	0.60726	0.64227	0.48833
26	1	0.56702	0.65261	0.51226
26	2	0.55802	0.62177	0.53943
26	3	0.57128	0.61198	0.53963
26	4	0.56723	0.59877	0.55234
26	5	0.54734	0.63518	0.54132
26	6	0.52885	0.66834	0.52831
26	7	0.53231	0.69505	0.50669
26	8	0.47623	0.68373	0.54971
26	9	0.44884	0.73392	0.53279
26	10	0.47785	0.74008	0.51238
26	11	0.52032	0.7225	0.4997
26	12	0.52543	0.71607	0.5017
26	13	0.56731	0.7325	0.4592
26	14	0.63167	0.70204	0.43504
26	15	0.64769	0.69678	0.42281
26	16	0.60993	0.69749	0.43964
26	17	0.60675	0.66819	0.45956
26	18	0.60529	0.65407	0.47443
26	19	0.5585	0.65751	0.50671
26	20	0.51253	0.64685	0.54773
26	21	0.53285	0.64099	0.54292
26	22	0.50782	0.6574	0.55497
26	23	0.46886	0.64801	0.58931
26	24	0.47732	0.62841	0.59487
26	25	0.51847	0.60973	0.57651
26	26	0.5046	0.60501	0.58663
26	27	0.53713	0.60554	0.55641
26	28	0.56309	0.60531	0.5365
26	29	0.58488	0.63863	0.4993
26	30	0.59287	0.68357	0.4632
26	31	0.60214	0.6908	0.45325
26	32	0.58719	0.66005	0.49017
27	1	0.57206	0.65944	0.50124
27	2	0.56678	0.62537	0.52722
27	3	0.58287	0.60943	0.52951
27	4	0.58759	0.58887	0.5418
27	5	0.58377	0.58726	0.54689
27	6	0.57999	0.60371	0.53282
27	7	0.58032	0.65397	0.49791
27	8	0.5207	0.66901	0.52575
27	9	0.46389	0.71791	0.52985
27	10	0.48744	0.72667	0.50916
27	11	0.52113	0.71034	0.50341
27	12	0.51111	0.67429	0.53616
27	13	0.53233	0.66599	0.52561
27	14	0.59219	0.64685	0.49702
27	15	0.5919	0.67587	0.47483
27	16	0.55419	0.69885	0.47562
27	17	0.53645	0.70793	0.48203
27	18	0.55633	0.69566	0.48238
27	19	0.54505	0.69746	0.49246
27	20	0.50029	0.6842	0.5352
27	21	0.51971	0.67585	0.53382
27	22	0.5159	0.67176	0.54417
27	23	0.47239	0.66309	0.58086
27	24	0.45859	0.63757	0.60372
27	25	0.51047	0.61048	0.58124
27	26	0.51395	0.59908	0.58262
27	27	0.55268	0.59921	0.54809
27	28	0.57618	0.60341	0.52644
27	29	0.59551	0.63924	0.48995
27	30	0.60311	0.67874	0.45809
27	31	0.61125	0.68202	0.45077
27	32	0.59297	0.66201	0.48087
28	1	0.57615	0.64237	0.5089
28	2	0.56956	0.61593	0.53018
28	3	0.56548	0.60827	0.54228
28	4	0.56128	0.58888	0.56147
28	5	0.56347	0.56627	0.57733
28	6	0.56341	0.57053	0.56844
28	7	0.57204	0.60739	0.53417
28	8	0.53483	0.63384	0.53795
28	9	0.48627	0.67671	0.54145
28	10	0.50431	0.69429	0.5177
28	11	0.53034	0.68003	0.51396
28	12	0.51284	0.65506	0.5454
28	13	0.5124	0.64671	0.55146
28	14	0.55272	0.63461	0.53053
28	15	0.54869	0.65491	0.51621
28	16	0.51516	0.68271	0.51123
28	17	0.48773	0.71251	0.51084
28	18	0.51521	0.69965	0.50607
28	19	0.53485	0.70498	0.49266
28	20	0.52398	0.7042	0.50312
28	21	0.54067	0.699	0.50202
28	22	0.55449	0.67964	0.50958
28	23	0.52691	0.66414	0.53912
28	24	0.5098	0.63159	0.56724
28	25	0.541	0.59628	0.56507
28	26	0.55936	0.58543	0.55612
28	27	0.59296	0.58673	0.52684
28	28	0.59997	0.59856	0.51229
28	29	0.60566	0.62991	0.49022
28	30	0.61845	0.64817	0.46882
28	31	0.62773	0.64337	0.46527
28	32	0.59591	0.6378	0.49369
29	1	0.60252	0.57594	0.53004
29	2	0.58807	0.55433	0.55259
29	3	0.55344	0.57269	0.56919
29	4	0.52047	0.58604	0.5885
29	5	0.50392	0.56217	0.62176
29	6	0.51157	0.56242	0.61292
29	7	0.54599	0.59065	0.56704
29	8	0.54879	0.6084	0.55033
29	9	0.53024	0.63905	0.54094
29	10	0.56946	0.67032	0.48817
29	11	0.60002	0.66663	0.47174
29	12	0.57863	0.64821	0.501
29	13	0.55728	0.63862	0.522
29	14	0.57702	0.61978	0.51918
29	15	0.56505	0.61548	0.52872
29	16	0.5235	0.63128	0.5388
29	17	0.49704	0.64419	0.54935
29	18	0.52806	0.61755	0.54986
29	19	0.55554	0.63187	0.52513
29	20	0.55456	0.64438	0.51968
29	21	0.56664	0.6378	0.5218
29	22	0.58523	0.62386	0.52033
29	23	0.57274	0.62206	0.53078
29	24	0.5771	0.59572	0.54022
29	25	0.60321	0.57311	0.53469
29	26	0.6166	0.56763	0.52741
29	27	0.63451	0.57677	0.50648
29	28	0.63153	0.59325	0.49653
29	29	0.62189	0.6171	0.48982
29	30	0.63096	0.61437	0.48374
29	31	0.64748	0.59139	0.48545
29	32	0.62113	0.58117	0.51079
30	1	0.61879	0.53451	0.54277
30	2	0.59242	0.52928	0.56332
30	3	0.53406	0.58985	0.56832
30	4	0.46626	0.63475	0.59117
30	5	0.4516	0.60113	0.6301
30	6	0.47018	0.59205	0.62024
30	7	0.51064	0.60079	0.58379
30	8	0.53925	0.59687	0.56531
30	9	0.55177	0.60207	0.55313
30	10	0.59404	0.63469	0.49715
30	11	0.62419	0.6441	0.47171
30	12	0.60705	0.64	0.48911
30	13	0.57668	0.63672	0.51309
30	14	0.56531	0.6341	0.5212
30	15	0.53969	0.63523	0.53788
30	16	0.50923	0.64269	0.54543
30	17	0.48718	0.63351	0.56661
30	18	0.5186	0.60282	0.56656
30	19	0.55378	0.62349	0.5315
30	20	0.55942	0.64399	0.51838
30	21	0.5616	0.6304	0.53274
30	22	0.58106	0.62616	0.52268
30	23	0.5906	0.62338	0.5183
30	24	0.62091	0.58744	0.51613
30	25	0.64892	0.56642	0.50667
30	26	0.65645	0.56413	0.50181
30	27	0.66617	0.57349	0.48784
30	28	0.65354	0.59161	0.48395
30	29	0.63439	0.60987	0.48655
30	30	0.63855	0.58562	0.49714
30	31	0.66785	0.54907	0.49753
30	32	0.64751	0.541	0.5155
31	1	0.63467	0.50653	0.55398
31	2	0.61825	0.50179	0.56688
31	3	0.55765	0.58215	0.55969
31	4	0.47472	0.6494	0.57917
31	5	0.44857	0.62758	0.61723
31	6	0.45592	0.61066	0.62235
31	7	0.49187	0.61459	0.59413
31	8	0.51456	0.60248	0.58776
31	9	0.5228	0.59558	0.58681
31	10	0.56396	0.6212	0.53614
31	11	0.59284	0.63798	0.50246
31	12	0.57527	0.64454	0.51071
31	13	0.54586	0.64297	0.53191
31	14	0.54731	0.63819	0.53271
31	15	0.53754	0.64179	0.53649
31	16	0.53363	0.62558	0.54766
31	17	0.5122	0.59866	0.58257
31	18	0.51193	0.59512	0.58273
31	19	0.51821	0.62541	0.56166
31	20	0.51242	0.64739	0.55614
31	21	0.50147	0.64995	0.56407
31	22	0.5243	0.64981	0.5459
31	23	0.5739	0.62275	0.53113
31	24	0.62634	0.58424	0.5153
31	25	0.66391	0.56361	0.49836
31	26	0.66932	0.56559	0.49234
31	27	0.67312	0.57718	0.48183
31	28	0.65263	0.59717	0.48315
31	29	0.62444	0.61091	0.49538
31	30	0.62644	0.57436	0.51653
31	31	0.66412	0.52551	0.51953
31	32	0.65314	0.51034	0.53647
32	1	0.6029	0.51148	0.58002
32	2	0.60635	0.50066	0.58219
32	3	0.55651	0.58546	0.56353
32	4	0.47031	0.6657	0.5764
32	5	0.43591	0.6664	0.60336
32	6	0.44629	0.66715	0.59425
32	7	0.47965	0.66442	0.57188
32	8	0.49772	0.64149	0.57719
32	9	0.50687	0.61872	0.58651
32	10	0.54146	0.64408	0.54116
32	11	0.57361	0.65198	0.50984
32	12	0.55611	0.67639	0.50603
32	13	0.52917	0.6758	0.52477
32	14	0.54923	0.66341	0.51757
32	15	0.5619	0.63413	0.5269
32	16	0.56293	0.60753	0.54202
32	17	0.55712	0.55747	0.57895
32	18	0.5439	0.56999	0.57472
32	19	0.49159	0.59928	0.59432
32	20	0.47099	0.63757	0.58833
32	21	0.46165	0.65631	0.58402
32	22	0.48196	0.67036	0.55877
32	23	0.55759	0.63649	0.53177
32	24	0.63749	0.59879	0.49749
32	25	0.67873	0.57153	0.48295
32	26	0.67962	0.57301	0.48115
32	27	0.6761	0.58715	0.47533
32	28	0.64094	0.60823	0.48783
32	29	0.60073	0.62211	0.50922
32	30	0.58852	0.59511	0.53554
32	31	0.61726	0.55264	0.54185
32	32	0.60791	0.53088	0.5631
